date,venue_code,venue_name,race,race_id,deadline,weather,air_temperature_c,water_temperature_c,wind_speed_mps,wind_direction_code,wind_direction,wave_height_cm,stabilizer,fixed_course,source_url,requested_at,collected_at
20261008,01,桐生,1,20261008-01-01,15:26,晴,20.0,21.0,3.0,10,南南西,2.0,False,False,https://www.boatrace.jp/owpc/pc/race/beforeinfo?hd=20261008&jcd=01&rno=1,2026-10-08T15:06:27.051601+09:00,2026-10-08T15:06:36.237388+09:00
20261008,01,桐生,2,20261008-01-02,15:55,晴,20.0,21.0,3.0,10,南南西,2.0,False,False,https://www.boatrace.jp/owpc/pc/race/beforeinfo?hd=20261008&jcd=01&rno=2,2026-10-08T15:49:37.704093+09:00,2026-10-08T15:49:47.933425+09:00
20261008,01,桐生,3,20261008-01-03,16:22,晴,20.0,21.0,2.0,12,西南西,1.0,False,False,https://www.boatrace.jp/owpc/pc/race/beforeinfo?hd=20261008&jcd=01&rno=3,2026-10-08T16:12:14.897974+09:00,2026-10-08T16:12:24.197245+09:00
20261008,01,桐生,4,20261008-01-04,16:48,晴,20.0,21.0,2.0,12,西南西,1.0,False,False,https://www.boatrace.jp/owpc/pc/race/beforeinfo?hd=20261008&jcd=01&rno=4,2026-10-08T16:33:46.969404+09:00,2026-10-08T16:33:57.300860+09:00
20261008,01,桐生,5,20261008-01-05,17:17,晴,20.0,21.0,2.0,10,南南西,1.0,False,False,https://www.boatrace.jp/owpc/pc/race/beforeinfo?hd=20261008&jcd=01&rno=5,2026-10-08T17:03:46.088321+09:00,2026-10-08T17:03:54.379639+09:00
20261008,01,桐生,6,20261008-01-06,17:48,晴,20.0,21.0,2.0,10,南南西,1.0,False,False,https://www.boatrace.jp/owpc/pc/race/beforeinfo?hd=20261008&jcd=01&rno=6,2026-10-08T17:42:47.243529+09:00,2026-10-08T17:42:57.546521+09:00
20261008,01,桐生,7,20261008-01-07,18:17,晴,19.0,21.0,2.0,8,南南東,1.0,False,False,https://www.boatrace.jp/owpc/pc/race/beforeinfo?hd=20261008&jcd=01&rno=7,2026-10-08T18:16:42.902527+09:00,2026-10-08T18:16:51.271747+09:00
20261008,01,桐生,8,20261008-01-08,18:48,晴,18.0,21.0,2.0,6,東南東,1.0,False,False,https://www.boatrace.jp/owpc/pc/race/beforeinfo?hd=20261008&jcd=01&rno=8,2026-10-08T18:35:26.176884+09:00,2026-10-08T18:35:34.647251+09:00
20261008,01,桐生,9,20261008-01-09,19:16,晴,17.0,21.0,2.0,4,東北東,1.0,False,False,https://www.boatrace.jp/owpc/pc/race/beforeinfo?hd=20261008&jcd=01&rno=9,2026-10-08T19:13:22.871963+09:00,2026-10-08T19:13:32.249968+09:00
20261008,03,江戸川,1,20261008-03-01,11:14,晴,23.0,25.0,3.0,14,西北西,5.0,False,False,https://www.boatrace.jp/owpc/pc/race/beforeinfo?hd=20261008&jcd=03&rno=1,2026-10-08T11:08:42.892305+09:00,2026-10-08T11:08:51.334722+09:00
20261008,03,江戸川,2,20261008-03-02,11:42,晴,22.0,25.0,3.0,14,西北西,5.0,False,False,https://www.boatrace.jp/owpc/pc/race/beforeinfo?hd=20261008&jcd=03&rno=2,2026-10-08T11:40:12.816496+09:00,2026-10-08T11:40:21.302131+09:00
20261008,03,江戸川,3,20261008-03-03,12:08,晴,23.0,25.0,2.0,16,北北西,5.0,False,False,https://www.boatrace.jp/owpc/pc/race/beforeinfo?hd=20261008&jcd=03&rno=3,2026-10-08T12:05:58.394900+09:00,2026-10-08T12:06:06.894298+09:00
20261008,03,江戸川,4,20261008-03-04,12:35,晴,24.0,25.0,1.0,2,北北東,5.0,False,False,https://www.boatrace.jp/owpc/pc/race/beforeinfo?hd=20261008&jcd=03&rno=4,2026-10-08T12:25:08.192581+09:00,2026-10-08T12:25:18.606962+09:00
20261008,03,江戸川,5,20261008-03-05,13:02,晴,24.0,25.0,1.0,16,北北西,5.0,False,False,https://www.boatrace.jp/owpc/pc/race/beforeinfo?hd=20261008&jcd=03&rno=5,2026-10-08T12:58:11.083316+09:00,2026-10-08T12:58:19.378651+09:00
20261008,03,江戸川,6,20261008-03-06,13:29,晴,24.0,25.0,1.0,16,北北西,5.0,False,False,https://www.boatrace.jp/owpc/pc/race/beforeinfo?hd=20261008&jcd=03&rno=6,2026-10-08T13:15:11.907481+09:00,2026-10-08T13:15:20.238836+09:00
20261008,03,江戸川,7,20261008-03-07,13:56,晴,24.0,25.0,1.0,2,北北東,5.0,False,False,https://www.boatrace.jp/owpc/pc/race/beforeinfo?hd=20261008&jcd=03&rno=7,2026-10-08T13:50:43.146705+09:00,2026-10-08T13:50:53.512953+09:00
20261008,03,江戸川,8,20261008-03-08,14:27,晴,24.0,25.0,2.0,16,北北西,5.0,False,False,https://www.boatrace.jp/owpc/pc/race/beforeinfo?hd=20261008&jcd=03&rno=8,2026-10-08T14:19:56.360934+09:00,2026-10-08T14:20:06.829523+09:00
20261008,03,江戸川,9,20261008-03-09,14:54,晴,24.0,25.0,2.0,16,北北西,5.0,False,False,https://www.boatrace.jp/owpc/pc/race/beforeinfo?hd=20261008&jcd=03&rno=9,2026-10-08T14:40:10.989802+09:00,2026-10-08T14:40:19.301604+09:00
20261008,03,江戸川,10,20261008-03-10,15:23,晴,24.0,25.0,4.0,2,北北東,5.0,False,False,https://www.boatrace.jp/owpc/pc/race/beforeinfo?hd=20261008&jcd=03&rno=10,2026-10-08T15:08:14.707614+09:00,2026-10-08T15:08:24.050509+09:00
20261008,03,江戸川,11,20261008-03-11,15:53,晴,24.0,25.0,3.0,2,北北東,5.0,False,False,https://www.boatrace.jp/owpc/pc/race/beforeinfo?hd=20261008&jcd=03&rno=11,2026-10-08T15:49:37.702892+09:00,2026-10-08T15:49:46.004744+09:00
20261008,03,江戸川,12,20261008-03-12,16:25,晴,23.0,25.0,4.0,4,東北東,5.0,False,False,https://www.boatrace.jp/owpc/pc/race/beforeinfo?hd=20261008&jcd=03&rno=12,2026-10-08T16:12:23.209004+09:00,2026-10-08T16:12:31.468819+09:00
20261008,05,多摩川,1,20261008-05-01,10:41,晴,20.0,21.0,1.0,1,北,2.0,False,False,https://www.boatrace.jp/owpc/pc/race/beforeinfo?hd=20261008&jcd=05&rno=1,2026-10-08T10:40:36.535961+09:00,2026-10-08T10:40:44.821176+09:00
20261008,05,多摩川,2,20261008-05-02,11:11,晴,21.0,21.0,2.0,3,北東,2.0,False,False,https://www.boatrace.jp/owpc/pc/race/beforeinfo?hd=20261008&jcd=05&rno=2,2026-10-08T11:08:42.891965+09:00,2026-10-08T11:08:53.386643+09:00
20261008,05,多摩川,3,20261008-05-03,11:40,晴,21.0,21.0,2.0,3,北東,2.0,False,False,https://www.boatrace.jp/owpc/pc/race/beforeinfo?hd=20261008&jcd=05&rno=3,2026-10-08T11:24:57.603309+09:00,2026-10-08T11:25:07.880000+09:00
20261008,05,多摩川,4,20261008-05-04,12:12,晴,21.0,21.0,1.0,11,南西,2.0,False,False,https://www.boatrace.jp/owpc/pc/race/beforeinfo?hd=20261008&jcd=05&rno=4,2026-10-08T12:05:58.395547+09:00,2026-10-08T12:06:07.872632+09:00
20261008,05,多摩川,5,20261008-05-05,12:39,晴,21.0,21.0,1.0,11,南西,2.0,False,False,https://www.boatrace.jp/owpc/pc/race/beforeinfo?hd=20261008&jcd=05&rno=5,2026-10-08T12:25:08.193771+09:00,2026-10-08T12:25:17.575441+09:00
20261008,05,多摩川,6,20261008-05-06,13:10,晴,22.0,21.0,0.0,17,,2.0,False,False,https://www.boatrace.jp/owpc/pc/race/beforeinfo?hd=20261008&jcd=05&rno=6,2026-10-08T12:58:11.084219+09:00,2026-10-08T12:58:20.359830+09:00
20261008,05,多摩川,7,20261008-05-07,13:43,晴,22.0,21.0,2.0,5,東,2.0,False,False,https://www.boatrace.jp/owpc/pc/race/beforeinfo?hd=20261008&jcd=05&rno=7,2026-10-08T13:30:13.268366+09:00,2026-10-08T13:30:21.786205+09:00
20261008,05,多摩川,8,20261008-05-08,14:14,晴,23.0,21.0,2.0,7,南東,2.0,False,False,https://www.boatrace.jp/owpc/pc/race/beforeinfo?hd=20261008&jcd=05&rno=8,2026-10-08T14:02:18.978925+09:00,2026-10-08T14:02:27.469254+09:00
20261008,05,多摩川,9,20261008-05-09,14:46,晴,24.0,21.0,2.0,5,東,2.0,False,False,https://www.boatrace.jp/owpc/pc/race/beforeinfo?hd=20261008&jcd=05&rno=9,2026-10-08T14:38:11.989460+09:00,2026-10-08T14:38:20.361533+09:00
20261008,05,多摩川,10,20261008-05-10,15:15,晴,24.0,21.0,3.0,5,東,2.0,False,False,https://www.boatrace.jp/owpc/pc/race/beforeinfo?hd=20261008&jcd=05&rno=10,2026-10-08T15:06:18.753713+09:00,2026-10-08T15:06:27.046100+09:00
20261008,05,多摩川,11,20261008-05-11,15:50,晴,24.0,21.0,1.0,5,東,2.0,False,False,https://www.boatrace.jp/owpc/pc/race/beforeinfo?hd=20261008&jcd=05&rno=11,2026-10-08T15:49:37.702165+09:00,2026-10-08T15:49:47.958622+09:00
20261008,05,多摩川,12,20261008-05-12,16:28,晴,24.0,22.0,3.0,5,東,2.0,False,False,https://www.boatrace.jp/owpc/pc/race/beforeinfo?hd=20261008&jcd=05&rno=12,2026-10-08T16:12:24.199599+09:00,2026-10-08T16:12:32.430161+09:00
20261008,07,蒲郡,1,20261008-07-01,15:18,晴,24.0,22.0,3.0,15,北西,1.0,False,False,https://www.boatrace.jp/owpc/pc/race/beforeinfo?hd=20261008&jcd=07&rno=1,2026-10-08T15:06:18.754948+09:00,2026-10-08T15:06:29.106692+09:00
20261008,07,蒲郡,2,20261008-07-02,15:45,晴,24.0,22.0,3.0,15,北西,1.0,False,False,https://www.boatrace.jp/owpc/pc/race/beforeinfo?hd=20261008&jcd=07&rno=2,2026-10-08T15:31:56.142800+09:00,2026-10-08T15:32:05.473491+09:00
20261008,07,蒲郡,3,20261008-07-03,16:09,晴,24.0,22.0,3.0,13,西,1.0,False,False,https://www.boatrace.jp/owpc/pc/race/beforeinfo?hd=20261008&jcd=07&rno=3,2026-10-08T15:56:28.333395+09:00,2026-10-08T15:56:36.658799+09:00
20261008,07,蒲郡,4,20261008-07-04,16:35,晴,24.0,22.0,3.0,13,西,1.0,False,False,https://www.boatrace.jp/owpc/pc/race/beforeinfo?hd=20261008&jcd=07&rno=4,2026-10-08T16:33:46.967576+09:00,2026-10-08T16:33:57.656948+09:00
20261008,07,蒲郡,5,20261008-07-05,17:01,晴,24.0,22.0,2.0,13,西,1.0,False,False,https://www.boatrace.jp/owpc/pc/race/beforeinfo?hd=20261008&jcd=07&rno=5,2026-10-08T16:52:22.153950+09:00,2026-10-08T16:52:30.511056+09:00
20261008,07,蒲郡,6,20261008-07-06,17:27,晴,23.0,22.0,3.0,13,西,1.0,False,False,https://www.boatrace.jp/owpc/pc/race/beforeinfo?hd=20261008&jcd=07&rno=6,2026-10-08T17:24:59.927390+09:00,2026-10-08T17:25:08.717415+09:00
20261008,07,蒲郡,7,20261008-07-07,17:55,晴,23.0,22.0,1.0,9,南,0.0,False,True,https://www.boatrace.jp/owpc/pc/race/beforeinfo?hd=20261008&jcd=07&rno=7,2026-10-08T17:42:47.244638+09:00,2026-10-08T17:42:55.592423+09:00
20261008,07,蒲郡,8,20261008-07-08,18:25,晴,23.0,22.0,1.0,11,南西,0.0,False,False,https://www.boatrace.jp/owpc/pc/race/beforeinfo?hd=20261008&jcd=07&rno=8,2026-10-08T18:16:42.903395+09:00,2026-10-08T18:16:52.220074+09:00
20261008,07,蒲郡,10,20261008-07-10,19:23,晴,21.0,22.0,1.0,7,南東,0.0,False,False,https://www.boatrace.jp/owpc/pc/race/beforeinfo?hd=20261008&jcd=07&rno=10,2026-10-08T19:13:22.872792+09:00,2026-10-08T19:13:31.211078+09:00
20261008,08,常滑,1,20261008-08-01,10:19,晴,21.0,22.0,2.0,7,南東,2.0,False,False,https://www.boatrace.jp/owpc/pc/race/beforeinfo?hd=20261008&jcd=08&rno=1,2026-10-08T10:06:01.401758+09:00,2026-10-08T10:06:10.671733+09:00
20261008,08,常滑,2,20261008-08-02,10:47,晴,21.0,22.0,2.0,11,南西,1.0,False,False,https://www.boatrace.jp/owpc/pc/race/beforeinfo?hd=20261008&jcd=08&rno=2,2026-10-08T10:40:36.536899+09:00,2026-10-08T10:40:46.798983+09:00
20261008,08,常滑,3,20261008-08-03,11:18,晴,22.0,22.0,2.0,11,南西,1.0,False,False,https://www.boatrace.jp/owpc/pc/race/beforeinfo?hd=20261008&jcd=08&rno=3,2026-10-08T11:08:42.894270+09:00,2026-10-08T11:08:53.371840+09:00
20261008,08,常滑,4,20261008-08-04,11:46,晴,22.0,22.0,3.0,11,南西,1.0,False,False,https://www.boatrace.jp/owpc/pc/race/beforeinfo?hd=20261008&jcd=08&rno=4,2026-10-08T11:40:12.817737+09:00,2026-10-08T11:40:22.258711+09:00
20261008,08,常滑,5,20261008-08-05,12:17,晴,22.0,22.0,2.0,11,南西,1.0,False,False,https://www.boatrace.jp/owpc/pc/race/beforeinfo?hd=20261008&jcd=08&rno=5,2026-10-08T12:05:58.396708+09:00,2026-10-08T12:06:06.934566+09:00
20261008,08,常滑,6,20261008-08-06,12:45,晴,22.0,22.0,2.0,11,南西,1.0,False,False,https://www.boatrace.jp/owpc/pc/race/beforeinfo?hd=20261008&jcd=08&rno=6,2026-10-08T12:42:34.392352+09:00,2026-10-08T12:42:44.730736+09:00
20261008,08,常滑,7,20261008-08-07,13:14,晴,22.0,22.0,2.0,11,南西,1.0,False,False,https://www.boatrace.jp/owpc/pc/race/beforeinfo?hd=20261008&jcd=08&rno=7,2026-10-08T13:13:14.780220+09:00,2026-10-08T13:13:24.212377+09:00
20261008,08,常滑,8,20261008-08-08,13:41,晴,23.0,22.0,2.0,11,南西,1.0,False,False,https://www.boatrace.jp/owpc/pc/race/beforeinfo?hd=20261008&jcd=08&rno=8,2026-10-08T13:30:13.267236+09:00,2026-10-08T13:30:22.690004+09:00
20261008,08,常滑,9,20261008-08-09,14:09,晴,23.0,23.0,2.0,11,南西,1.0,False,False,https://www.boatrace.jp/owpc/pc/race/beforeinfo?hd=20261008&jcd=08&rno=9,2026-10-08T14:04:08.343728+09:00,2026-10-08T14:04:16.681549+09:00
20261008,08,常滑,10,20261008-08-10,14:42,晴,23.0,23.0,3.0,11,南西,1.0,False,False,https://www.boatrace.jp/owpc/pc/race/beforeinfo?hd=20261008&jcd=08&rno=10,2026-10-08T14:38:11.988755+09:00,2026-10-08T14:38:21.384335+09:00
20261008,08,常滑,11,20261008-08-11,15:13,晴,23.0,23.0,2.0,11,南西,1.0,False,False,https://www.boatrace.jp/owpc/pc/race/beforeinfo?hd=20261008&jcd=08&rno=11,2026-10-08T15:08:14.706800+09:00,2026-10-08T15:08:22.960437+09:00
20261008,08,常滑,12,20261008-08-12,15:58,晴,23.0,23.0,2.0,11,南西,1.0,False,False,https://www.boatrace.jp/owpc/pc/race/beforeinfo?hd=20261008&jcd=08&rno=12,2026-10-08T15:49:37.704863+09:00,2026-10-08T15:49:46.980736+09:00
20261008,10,三国,1,20261008-10-01,10:36,晴,20.0,19.0,2.0,8,南南東,2.0,False,False,https://www.boatrace.jp/owpc/pc/race/beforeinfo?hd=20261008&jcd=10&rno=1,2026-10-08T10:24:31.326481+09:00,2026-10-08T10:24:40.609045+09:00
20261008,10,三国,2,20261008-10-02,11:04,晴,20.0,19.0,3.0,4,東北東,3.0,False,False,https://www.boatrace.jp/owpc/pc/race/beforeinfo?hd=20261008&jcd=10&rno=2,2026-10-08T10:56:06.527265+09:00,2026-10-08T10:56:14.811843+09:00
20261008,10,三国,3,20261008-10-03,11:32,晴,20.0,19.0,3.0,4,東北東,3.0,False,False,https://www.boatrace.jp/owpc/pc/race/beforeinfo?hd=20261008&jcd=10&rno=3,2026-10-08T11:24:57.601541+09:00,2026-10-08T11:25:06.916882+09:00
20261008,10,三国,4,20261008-10-04,12:01,晴,21.0,19.0,5.0,4,東北東,5.0,False,False,https://www.boatrace.jp/owpc/pc/race/beforeinfo?hd=20261008&jcd=10&rno=4,2026-10-08T11:54:29.823455+09:00,2026-10-08T11:54:40.382783+09:00
20261008,10,三国,5,20261008-10-05,12:30,晴,21.0,19.0,4.0,6,東南東,4.0,False,False,https://www.boatrace.jp/owpc/pc/race/beforeinfo?hd=20261008&jcd=10&rno=5,2026-10-08T12:25:08.191465+09:00,2026-10-08T12:25:16.579435+09:00
20261008,10,三国,6,20261008-10-06,12:59,晴,21.0,19.0,5.0,4,東北東,5.0,False,False,https://www.boatrace.jp/owpc/pc/race/beforeinfo?hd=20261008&jcd=10&rno=6,2026-10-08T12:58:11.083102+09:00,2026-10-08T12:58:20.380886+09:00
20261008,10,三国,7,20261008-10-07,13:29,晴,22.0,19.0,3.0,4,東北東,3.0,False,False,https://www.boatrace.jp/owpc/pc/race/beforeinfo?hd=20261008&jcd=10&rno=7,2026-10-08T13:13:23.196655+09:00,2026-10-08T13:13:33.432078+09:00
20261008,10,三国,8,20261008-10-08,14:00,晴,22.0,20.0,3.0,4,東北東,3.0,False,False,https://www.boatrace.jp/owpc/pc/race/beforeinfo?hd=20261008&jcd=10&rno=8,2026-10-08T13:50:43.147610+09:00,2026-10-08T13:50:52.575810+09:00
20261008,10,三国,9,20261008-10-09,14:32,晴,22.0,20.0,6.0,4,東北東,6.0,False,False,https://www.boatrace.jp/owpc/pc/race/beforeinfo?hd=20261008&jcd=10&rno=9,2026-10-08T14:19:56.363273+09:00,2026-10-08T14:20:05.800460+09:00
20261008,10,三国,10,20261008-10-10,15:07,晴,22.0,20.0,4.0,4,東北東,4.0,False,False,https://www.boatrace.jp/owpc/pc/race/beforeinfo?hd=20261008&jcd=10&rno=10,2026-10-08T14:58:46.732598+09:00,2026-10-08T14:58:57.308510+09:00
20261008,10,三国,11,20261008-10-11,15:43,晴,22.0,20.0,3.0,4,東北東,3.0,False,False,https://www.boatrace.jp/owpc/pc/race/beforeinfo?hd=20261008&jcd=10&rno=11,2026-10-08T15:31:56.141788+09:00,2026-10-08T15:32:05.545837+09:00
20261008,10,三国,12,20261008-10-12,16:20,晴,22.0,20.0,4.0,4,東北東,4.0,False,False,https://www.boatrace.jp/owpc/pc/race/beforeinfo?hd=20261008&jcd=10&rno=12,2026-10-08T16:12:14.897493+09:00,2026-10-08T16:12:23.206251+09:00
20261008,11,びわこ,1,20261008-11-01,10:31,晴,20.0,22.0,0.0,17,,1.0,False,False,https://www.boatrace.jp/owpc/pc/race/beforeinfo?hd=20261008&jcd=11&rno=1,2026-10-08T10:24:31.325185+09:00,2026-10-08T10:24:39.620116+09:00
20261008,11,びわこ,2,20261008-11-02,10:59,晴,20.0,22.0,1.0,5,東,1.0,False,False,https://www.boatrace.jp/owpc/pc/race/beforeinfo?hd=20261008&jcd=11&rno=2,2026-10-08T10:56:06.526648+09:00,2026-10-08T10:56:15.874763+09:00
20261008,11,びわこ,3,20261008-11-03,11:27,晴,21.0,22.0,0.0,17,,1.0,False,False,https://www.boatrace.jp/owpc/pc/race/beforeinfo?hd=20261008&jcd=11&rno=3,2026-10-08T11:24:57.600763+09:00,2026-10-08T11:25:05.923805+09:00
20261008,11,びわこ,4,20261008-11-04,11:54,晴,21.0,22.0,0.0,17,,1.0,False,False,https://www.boatrace.jp/owpc/pc/race/beforeinfo?hd=20261008&jcd=11&rno=4,2026-10-08T11:40:21.235791+09:00,2026-10-08T11:40:31.466726+09:00
20261008,11,びわこ,5,20261008-11-05,12:20,晴,21.0,22.0,0.0,17,,1.0,False,False,https://www.boatrace.jp/owpc/pc/race/beforeinfo?hd=20261008&jcd=11&rno=5,2026-10-08T12:07:56.714879+09:00,2026-10-08T12:08:05.941391+09:00
20261008,11,びわこ,6,20261008-11-06,12:48,晴,22.0,22.0,0.0,17,,1.0,False,False,https://www.boatrace.jp/owpc/pc/race/beforeinfo?hd=20261008&jcd=11&rno=6,2026-10-08T12:42:34.392883+09:00,2026-10-08T12:42:44.692665+09:00
20261008,11,びわこ,7,20261008-11-07,13:16,晴,21.0,22.0,1.0,7,南東,1.0,False,False,https://www.boatrace.jp/owpc/pc/race/beforeinfo?hd=20261008&jcd=11&rno=7,2026-10-08T13:13:14.780728+09:00,2026-10-08T13:13:23.193921+09:00
20261008,11,びわこ,8,20261008-11-08,13:46,晴,21.0,22.0,1.0,7,南東,1.0,False,False,https://www.boatrace.jp/owpc/pc/race/beforeinfo?hd=20261008&jcd=11&rno=8,2026-10-08T13:30:13.269455+09:00,2026-10-08T13:30:21.711426+09:00
20261008,11,びわこ,9,20261008-11-09,14:17,晴,22.0,22.0,3.0,5,東,2.0,False,False,https://www.boatrace.jp/owpc/pc/race/beforeinfo?hd=20261008&jcd=11&rno=9,2026-10-08T14:02:18.979717+09:00,2026-10-08T14:02:29.540110+09:00
20261008,11,びわこ,10,20261008-11-10,14:49,晴,21.0,22.0,3.0,7,南東,2.0,False,False,https://www.boatrace.jp/owpc/pc/race/beforeinfo?hd=20261008&jcd=11&rno=10,2026-10-08T14:38:11.990114+09:00,2026-10-08T14:38:22.347851+09:00
20261008,11,びわこ,11,20261008-11-11,15:30,晴,21.0,22.0,3.0,7,南東,3.0,False,False,https://www.boatrace.jp/owpc/pc/race/beforeinfo?hd=20261008&jcd=11&rno=11,2026-10-08T15:06:28.046376+09:00,2026-10-08T15:06:38.270860+09:00
20261008,11,びわこ,12,20261008-11-12,16:06,晴,21.0,22.0,3.0,7,南東,4.0,False,False,https://www.boatrace.jp/owpc/pc/race/beforeinfo?hd=20261008&jcd=11&rno=12,2026-10-08T15:58:18.122933+09:00,2026-10-08T15:58:28.561638+09:00
20261008,14,鳴門,1,20261008-14-01,08:35,晴,18.0,23.0,1.0,1,北,1.0,False,False,https://www.boatrace.jp/owpc/pc/race/beforeinfo?hd=20261008&jcd=14&rno=1,2026-10-08T08:20:44.158016+09:00,2026-10-08T08:20:52.583792+09:00
20261008,14,鳴門,2,20261008-14-02,09:04,晴,20.0,23.0,2.0,9,南,2.0,False,False,https://www.boatrace.jp/owpc/pc/race/beforeinfo?hd=20261008&jcd=14&rno=2,2026-10-08T09:00:09.759887+09:00,2026-10-08T09:00:19.080315+09:00
20261008,14,鳴門,3,20261008-14-03,09:30,晴,20.0,23.0,2.0,9,南,2.0,False,False,https://www.boatrace.jp/owpc/pc/race/beforeinfo?hd=20261008&jcd=14&rno=3,2026-10-08T09:18:34.813555+09:00,2026-10-08T09:18:45.228986+09:00
20261008,14,鳴門,4,20261008-14-04,09:56,晴,20.0,23.0,2.0,9,南,2.0,False,False,https://www.boatrace.jp/owpc/pc/race/beforeinfo?hd=20261008&jcd=14&rno=4,2026-10-08T09:47:38.394362+09:00,2026-10-08T09:47:48.755912+09:00
20261008,14,鳴門,5,20261008-14-05,10:27,晴,20.0,23.0,2.0,5,東,2.0,False,False,https://www.boatrace.jp/owpc/pc/race/beforeinfo?hd=20261008&jcd=14&rno=5,2026-10-08T10:24:31.324517+09:00,2026-10-08T10:24:39.594670+09:00
20261008,14,鳴門,6,20261008-14-06,10:57,晴,20.0,23.0,2.0,9,南,2.0,False,False,https://www.boatrace.jp/owpc/pc/race/beforeinfo?hd=20261008&jcd=14&rno=6,2026-10-08T10:56:06.526219+09:00,2026-10-08T10:56:16.804278+09:00
20261008,14,鳴門,7,20261008-14-07,11:23,晴,20.0,23.0,2.0,9,南,2.0,False,False,https://www.boatrace.jp/owpc/pc/race/beforeinfo?hd=20261008&jcd=14&rno=7,2026-10-08T11:10:42.212510+09:00,2026-10-08T11:10:50.746590+09:00
20261008,14,鳴門,8,20261008-14-08,11:51,晴,20.0,23.0,2.0,5,東,2.0,False,False,https://www.boatrace.jp/owpc/pc/race/beforeinfo?hd=20261008&jcd=14&rno=8,2026-10-08T11:40:12.820423+09:00,2026-10-08T11:40:21.229362+09:00
20261008,14,鳴門,9,20261008-14-09,12:25,晴,20.0,23.0,2.0,5,東,2.0,False,False,https://www.boatrace.jp/owpc/pc/race/beforeinfo?hd=20261008&jcd=14&rno=9,2026-10-08T12:06:07.877386+09:00,2026-10-08T12:06:17.063712+09:00
20261008,14,鳴門,10,20261008-14-10,13:07,晴,21.0,23.0,4.0,5,東,4.0,False,False,https://www.boatrace.jp/owpc/pc/race/beforeinfo?hd=20261008&jcd=14&rno=10,2026-10-08T12:58:11.083954+09:00,2026-10-08T12:58:19.397499+09:00
20261008,14,鳴門,11,20261008-14-11,13:36,晴,21.0,23.0,3.0,5,東,3.0,False,False,https://www.boatrace.jp/owpc/pc/race/beforeinfo?hd=20261008&jcd=14&rno=11,2026-10-08T13:30:13.266299+09:00,2026-10-08T13:30:21.755476+09:00
20261008,14,鳴門,12,20261008-14-12,14:11,晴,22.0,23.0,4.0,5,東,4.0,False,False,https://www.boatrace.jp/owpc/pc/race/beforeinfo?hd=20261008&jcd=14&rno=12,2026-10-08T14:02:18.978038+09:00,2026-10-08T14:02:27.549678+09:00
20261008,16,児島,1,20261008-16-01,10:53,晴,20.0,24.0,1.0,3,北東,1.0,False,False,https://www.boatrace.jp/owpc/pc/race/beforeinfo?hd=20261008&jcd=16&rno=1,2026-10-08T10:40:36.537812+09:00,2026-10-08T10:40:44.848327+09:00
20261008,16,児島,2,20261008-16-02,11:21,晴,21.0,24.0,3.0,13,西,3.0,False,False,https://www.boatrace.jp/owpc/pc/race/beforeinfo?hd=20261008&jcd=16&rno=2,2026-10-08T11:08:42.895493+09:00,2026-10-08T11:08:52.362599+09:00
20261008,16,児島,3,20261008-16-03,11:49,晴,21.0,24.0,4.0,11,南西,3.0,False,False,https://www.boatrace.jp/owpc/pc/race/beforeinfo?hd=20261008&jcd=16&rno=3,2026-10-08T11:40:12.818715+09:00,2026-10-08T11:40:21.306366+09:00
20261008,16,児島,4,20261008-16-04,12:23,晴,22.0,24.0,4.0,11,南西,3.0,False,False,https://www.boatrace.jp/owpc/pc/race/beforeinfo?hd=20261008&jcd=16&rno=4,2026-10-08T12:06:06.939326+09:00,2026-10-08T12:06:16.126196+09:00
20261008,16,児島,5,20261008-16-05,12:54,晴,22.0,24.0,4.0,11,南西,3.0,False,False,https://www.boatrace.jp/owpc/pc/race/beforeinfo?hd=20261008&jcd=16&rno=5,2026-10-08T12:42:34.393506+09:00,2026-10-08T12:42:44.710987+09:00
20261008,16,児島,6,20261008-16-06,13:24,晴,22.0,24.0,2.0,13,西,3.0,False,False,https://www.boatrace.jp/owpc/pc/race/beforeinfo?hd=20261008&jcd=16&rno=6,2026-10-08T13:13:14.781848+09:00,2026-10-08T13:13:24.194624+09:00
20261008,16,児島,7,20261008-16-07,13:54,晴,22.0,24.0,3.0,11,南西,3.0,False,False,https://www.boatrace.jp/owpc/pc/race/beforeinfo?hd=20261008&jcd=16&rno=7,2026-10-08T13:50:43.145711+09:00,2026-10-08T13:50:53.544831+09:00
20261008,16,児島,8,20261008-16-08,14:22,晴,23.0,24.0,3.0,11,南西,3.0,False,False,https://www.boatrace.jp/owpc/pc/race/beforeinfo?hd=20261008&jcd=16&rno=8,2026-10-08T14:19:56.360682+09:00,2026-10-08T14:20:04.908627+09:00
20261008,16,児島,9,20261008-16-09,14:59,晴,24.0,24.0,4.0,11,南西,3.0,False,False,https://www.boatrace.jp/owpc/pc/race/beforeinfo?hd=20261008&jcd=16&rno=9,2026-10-08T14:58:46.732320+09:00,2026-10-08T14:58:57.220413+09:00
20261008,16,児島,10,20261008-16-10,15:39,晴,24.0,24.0,3.0,11,南西,3.0,False,False,https://www.boatrace.jp/owpc/pc/race/beforeinfo?hd=20261008&jcd=16&rno=10,2026-10-08T15:31:56.140793+09:00,2026-10-08T15:32:05.550680+09:00
20261008,16,児島,11,20261008-16-11,16:15,晴,24.0,24.0,4.0,11,南西,3.0,False,False,https://www.boatrace.jp/owpc/pc/race/beforeinfo?hd=20261008&jcd=16&rno=11,2026-10-08T16:12:14.896398+09:00,2026-10-08T16:12:25.182894+09:00
20261008,16,児島,12,20261008-16-12,16:50,晴,24.0,24.0,3.0,11,南西,3.0,False,False,https://www.boatrace.jp/owpc/pc/race/beforeinfo?hd=20261008&jcd=16&rno=12,2026-10-08T16:33:46.970416+09:00,2026-10-08T16:33:57.575747+09:00
20261008,20,若松,1,20261008-20-01,18:08,晴,24.0,23.0,2.0,6,東南東,2.0,False,False,https://www.boatrace.jp/owpc/pc/race/beforeinfo?hd=20261008&jcd=20&rno=1,2026-10-08T17:59:27.930328+09:00,2026-10-08T17:59:36.257809+09:00
20261008,20,若松,2,20261008-20-02,18:34,晴,24.0,23.0,2.0,6,東南東,2.0,False,False,https://www.boatrace.jp/owpc/pc/race/beforeinfo?hd=20261008&jcd=20&rno=2,2026-10-08T18:20:07.708213+09:00,2026-10-08T18:20:18.029333+09:00
20261008,23,唐津,1,20261008-23-01,08:47,晴,14.0,21.0,2.0,14,西北西,2.0,False,False,https://www.boatrace.jp/owpc/pc/race/beforeinfo?hd=20261008&jcd=23&rno=1,2026-10-08T08:36:08.374869+09:00,2026-10-08T08:36:18.700789+09:00
20261008,23,唐津,2,20261008-23-02,09:13,晴,14.0,21.0,2.0,14,西北西,2.0,False,False,https://www.boatrace.jp/owpc/pc/race/beforeinfo?hd=20261008&jcd=23&rno=2,2026-10-08T08:58:29.774141+09:00,2026-10-08T08:58:39.327692+09:00
20261008,23,唐津,4,20261008-23-04,10:05,晴,18.0,21.0,2.0,14,西北西,2.0,False,False,https://www.boatrace.jp/owpc/pc/race/beforeinfo?hd=20261008&jcd=23&rno=4,2026-10-08T09:50:58.880423+09:00,2026-10-08T09:51:07.186841+09:00
20261008,23,唐津,5,20261008-23-05,10:34,晴,21.0,21.0,1.0,4,東北東,1.0,False,False,https://www.boatrace.jp/owpc/pc/race/beforeinfo?hd=20261008&jcd=23&rno=5,2026-10-08T10:24:31.325808+09:00,2026-10-08T10:24:41.609226+09:00
20261008,23,唐津,6,20261008-23-06,11:08,晴,22.0,21.0,3.0,4,東北東,3.0,False,False,https://www.boatrace.jp/owpc/pc/race/beforeinfo?hd=20261008&jcd=23&rno=6,2026-10-08T10:56:06.527813+09:00,2026-10-08T10:56:16.826739+09:00
20261008,23,唐津,7,20261008-23-07,11:38,晴,22.0,21.0,4.0,4,東北東,4.0,False,False,https://www.boatrace.jp/owpc/pc/race/beforeinfo?hd=20261008&jcd=23&rno=7,2026-10-08T11:24:57.602493+09:00,2026-10-08T11:25:05.962750+09:00
20261008,23,唐津,8,20261008-23-08,12:06,晴,22.0,21.0,4.0,4,東北東,4.0,False,False,https://www.boatrace.jp/owpc/pc/race/beforeinfo?hd=20261008&jcd=23&rno=8,2026-10-08T12:05:58.393421+09:00,2026-10-08T12:06:08.871001+09:00
20261008,23,唐津,9,20261008-23-09,12:42,晴,23.0,21.0,4.0,4,東北東,4.0,False,False,https://www.boatrace.jp/owpc/pc/race/beforeinfo?hd=20261008&jcd=23&rno=9,2026-10-08T12:25:08.194127+09:00,2026-10-08T12:25:17.633112+09:00
20261008,23,唐津,10,20261008-23-10,13:18,晴,23.0,21.0,4.0,4,東北東,4.0,False,False,https://www.boatrace.jp/owpc/pc/race/beforeinfo?hd=20261008&jcd=23&rno=10,2026-10-08T13:13:14.781343+09:00,2026-10-08T13:13:25.195476+09:00
20261008,23,唐津,11,20261008-23-11,13:50,晴,23.0,21.0,4.0,4,東北東,4.0,False,False,https://www.boatrace.jp/owpc/pc/race/beforeinfo?hd=20261008&jcd=23&rno=11,2026-10-08T13:30:21.722431+09:00,2026-10-08T13:30:29.933958+09:00
20261008,23,唐津,12,20261008-23-12,14:28,晴,23.0,21.0,4.0,4,東北東,4.0,False,False,https://www.boatrace.jp/owpc/pc/race/beforeinfo?hd=20261008&jcd=23&rno=12,2026-10-08T14:19:56.362431+09:00,2026-10-08T14:20:06.870376+09:00
20261008,24,大村,1,20261008-24-01,15:20,晴,24.0,25.0,2.0,7,南東,1.0,False,False,https://www.boatrace.jp/owpc/pc/race/beforeinfo?hd=20261008&jcd=24&rno=1,2026-10-08T15:06:18.755848+09:00,2026-10-08T15:06:28.109535+09:00
20261008,24,大村,2,20261008-24-02,15:48,晴,25.0,25.0,2.0,7,南東,1.0,False,False,https://www.boatrace.jp/owpc/pc/race/beforeinfo?hd=20261008&jcd=24&rno=2,2026-10-08T15:35:43.304455+09:00,2026-10-08T15:35:51.681617+09:00
20261008,24,大村,3,20261008-24-03,16:17,晴,25.0,25.0,2.0,7,南東,1.0,False,False,https://www.boatrace.jp/owpc/pc/race/beforeinfo?hd=20261008&jcd=24&rno=3,2026-10-08T16:12:14.897004+09:00,2026-10-08T16:12:24.218221+09:00
20261008,24,大村,4,20261008-24-04,16:42,晴,26.0,25.0,1.0,1,北,1.0,False,False,https://www.boatrace.jp/owpc/pc/race/beforeinfo?hd=20261008&jcd=24&rno=4,2026-10-08T16:33:46.968326+09:00,2026-10-08T16:33:57.638143+09:00
20261008,24,大村,5,20261008-24-05,17:09,晴,25.0,25.0,2.0,5,東,1.0,False,False,https://www.boatrace.jp/owpc/pc/race/beforeinfo?hd=20261008&jcd=24&rno=5,2026-10-08T17:03:46.087783+09:00,2026-10-08T17:03:55.349863+09:00
20261008,24,大村,6,20261008-24-06,17:34,晴,25.0,25.0,2.0,5,東,1.0,False,False,https://www.boatrace.jp/owpc/pc/race/beforeinfo?hd=20261008&jcd=24&rno=6,2026-10-08T17:33:42.633383+09:00,2026-10-08T17:33:52.957400+09:00
20261008,24,大村,7,20261008-24-07,18:02,晴,25.0,25.0,1.0,5,東,1.0,False,True,https://www.boatrace.jp/owpc/pc/race/beforeinfo?hd=20261008&jcd=24&rno=7,2026-10-08T17:59:27.929915+09:00,2026-10-08T17:59:38.251339+09:00
20261008,24,大村,8,20261008-24-08,18:41,晴,24.0,25.0,3.0,5,東,2.0,False,False,https://www.boatrace.jp/owpc/pc/race/beforeinfo?hd=20261008&jcd=24&rno=8,2026-10-08T18:35:26.176344+09:00,2026-10-08T18:35:35.641431+09:00
